LINE-50,300,450,300
LINE-50,300,100,350
LINE-100,350,400,350
LINE-400,350,450,300
LINE-250,300,250,50
LINE-250,50,350,75
LINE-350,75,250,100
CIRCLE-425,75,30
CIRCLE-415,65,4
CIRCLE-435,65,4
CIRCLE-325,325,18
CIRCLE-275,325,18
CIRCLE-225,325,18
CIRCLE-175,325,18
CURVE-250,50,175,100,185,200,250,300
CURVE-250,50,100,100,50,200,100,300
CURVE-100,300,150,275,200,275,250,300
CURVE-500,400,350,350,400,350,300,400
CURVE-300,400,200,350,250,350,150,400
CURVE-150,400,50,350,100,350,0,400
CURVE-500,450,400,400,450,400,350,450
CURVE-350,450,200,400,250,400,150,450
CURVE-150,450,50,400,100,400,0,450
CURVE-405,85,422,95,429,95,445,85


